											
	2	0.0624487649	0.3048646224	0.3340144166	0.160270655	0.2580886203	0.015612191225	0.0762161556	0.08350360415	0.04006766375	0.064522155075
	2.05	0.0697670636	0.2896635362	0.3132412442	0.118520506	0.2620197226	0.0166013238786437	0.0689264809518144	0.0745368814277216	0.0282023809637121	0.0623485360142772
	2.1	0.0761198078	0.2670739238	0.2822908734	0.073124758	0.2563367798	0.0172607273922902	0.0605609804535147	0.0640115359183673	0.0165815777777778	0.0581262539229025
	2.15	0.0815668252	0.2372479114	0.2428540091	0.024957082	0.2413969463	0.0176456084802596	0.0513245887290427	0.0525373735208221	0.0053990442401298	0.0522221625310979
	2.2	0.0861640201	0.2005545032	0.1968682610	-0.024995718	0.2179974684	0.0178024834917355	0.0414368808264463	0.0406752605371901	-0.00516440454545454	0.0450407992561983
	2.25	0.0909124508	0.1554285171	0.1447463197	-0.077234866	0.1881771296	0.0179580149728395	0.0307019293037037	0.0285918656197531	-0.0152562698271605	0.0371707910320988
	2.3	0.0932673202	0.1070329437	0.0913410970	-0.128404121	0.1518580037	0.0176308733837429	0.0202330706427221	0.0172667480151229	-0.0242729907372401	0.0287066169565217
	2.35	0.0929392154	0.0573616538	0.0390747196	-0.176627402	0.1116589767	0.0168291924671797	0.0103868997374378	0.00707554904481666	-0.0319832325939339	0.0202189183703033
	2.4	0.0897180932	0.0085756600	-0.0098237692	-0.219900068	0.0703894170	0.0155760578472222	0.00148882986111111	-0.00170551548611111	-0.0381770951388889	0.0122203848958333
	2.45	0.0839743746	-0.0462473075	-0.0636791086	-0.258465284	0.0265114206	0.0139898999750104	-0.00770467430237401	-0.0106087644481466	-0.0430596058309038	0.00441672979591837
	2.5	0.0742206477	-0.1026764360	-0.1168798769	-0.2936600899	-0.0198054478	0.011875303632	-0.01642822976	-0.018700780304	-0.046985614384	-0.003168871648
	2.55	0.0603480043	-0.1593583403	-0.1684493148	-0.3247970318	-0.0665901217	0.00928073883890811	-0.0245072418762015	-0.0259053156170704	-0.0499495627527874	-0.0102406953787005
	2.6	0.0424113225	-0.2148420885	-0.2175510041	-0.3511882334	-0.1118889393	0.00627386427514793	-0.0317813740384615	-0.0321821011982249	-0.0519509221005917	-0.016551618239645
	2.65	0.0194857589	-0.2709527723	-0.2662295841	-0.3706177556	-0.1615880171	0.00277476096831613	-0.0385835204414382	-0.0379109411320755	-0.0527757572944108	-0.0230100415948736
	2.7	-0.0070015114	-0.3235074819	-0.3111525890	-0.3843102696	-0.2063330227	-0.000960426803840878	-0.0443768836625514	-0.0426821109739369	-0.0527174581069959	-0.028303569643347
	2.75	-0.0364495306	-0.3708542797	-0.3517530947	-0.3920068900	-0.2437888933	-0.00481977264132231	-0.0490385824396694	-0.0465128059107438	-0.0518356218181818	-0.0322365478743802
	2.8	-0.0680348329	-0.4113594547	-0.3874309110	-0.3934647082	-0.2719400926	-0.00867791235969388	-0.0524693182015306	-0.0494172080357143	-0.0501868250255102	-0.0346862363010204
	2.85	-0.1008677139	-0.4449587269	-0.4181562667	-0.3889619758	-0.2945766783	-0.0124183088827331	-0.0547810066974454	-0.0514812270483226	-0.04788697763004	-0.0362667501754386
	2.9	-0.1334003989	-0.4684872590	-0.4420750830	-0.3814846883	-0.3034773670	-0.0158621163971463	-0.0557059760998811	-0.0525654082045184	-0.0453608428418549	-0.0360852992865636
	2.95	-0.1642434173	-0.4805766187	-0.4581692846	-0.3706950186	-0.2974313682	-0.0188731303993105	-0.0552228231772479	-0.0526480074231543	-0.0425963824877909	-0.0341776924102269
	3	-0.1918666470	-0.4800971212	-0.4651382690	-0.3560344941	-0.2761002915	-0.0213185163333333	-0.0533441245777778	-0.0516820298888889	-0.0395593882333333	-0.0306778101666667
	3.05	-0.2140765885	-0.4652805899	-0.4603025664	-0.3383783516	-0.2407326137	-0.0230128017737167	-0.050016725600645	-0.0494815981080355	-0.0363749907659231	-0.0258782707551733
	3.1	-0.2298914024	-0.4363311672	-0.4431013660	-0.3127989075	-0.1916066372	-0.023922102226847	-0.0454038675546306	-0.0461083627471384	-0.0325493139958377	-0.0199382556919875
	3.15	-0.2378982008	-0.3932549811	-0.4120516042	-0.2786014676	-0.1308338734	-0.0239756312219703	-0.0396326511564626	-0.0415269946283699	-0.0280777493172084	-0.0131855755505165
	3.2	-0.2368972983	-0.3364933058	-0.3658979795	-0.2352812464	-0.0611839624	-0.0231345017871094	-0.0328606743945312	-0.0357322245605469	-0.02297668421875	-0.005974996328125
	3.25	-0.2253873098	-0.2659528488	-0.3028467824	-0.175205109	0.0133221222	-0.0213384435313609	-0.0251789679337278	-0.0286718847242604	-0.0165874659408284	0.00126126600710059
	3.3	-0.2037190204	-0.1840758643	-0.2241004889	-0.105186592	0.0898259964	-0.0187069807529844	-0.016903201496786	-0.0205785572910927	-0.00965900752984389	0.00824848451790634
	3.35	-0.1720175888	-0.0927699045	-0.1307247017	-0.026312247	0.1648845300	-0.0153279205881043	-0.00826642053909557	-0.0116484474671419	-0.00234459763867231	0.0146923172198708
	3.4	-0.1309437522	0.0056573030	-0.0248525191	0.059903497	0.2351515675	-0.0113273142041523	0.00048938607266436	-0.00214987189446367	0.0051819634083045	0.0203418310986159
	3.45	-0.0816723902	0.1087253344	0.0905403314	0.151434593	0.2953509815	-0.00686178451585801	0.00913466367569838	0.00760683313589582	0.0127229231674018	0.0248141971434573
	3.5	-0.0264770860	0.2127165755	0.2101711145	0.244862166	0.3443168843	-0.0021613947755102	0.0173646184081633	0.0171568256734694	0.019988748244898	0.0281075007591837
	3.55	0.0324961303	0.3144478987	0.3289287687	0.337561362	0.3800880202	0.00257854634397937	0.0249512317952787	0.0261002792065066	0.0267852697480659	0.030159731815116
	3.6	0.0928374406	0.4106773436	0.4413085366	0.426724157	0.4013041385	0.00716338276234568	0.0316880666358025	0.0340515846141975	0.0329262466820988	0.0309648255015432
	3.65	0.1507110442	0.4971563199	0.5404429765	0.507279161	0.4029028192	0.0113125197372865	0.0373170440908238	0.0405661832613999	0.0380768745355601	0.0302422832951773
	3.7	0.2046240031	0.5714049004	0.6220076964	0.577832116	0.3895156447	0.0149469688166545	0.0417388532067202	0.0454351860043828	0.0422083357195033	0.0284525671804237
	3.75	0.2523872794	0.6307422399	0.6820374003	0.635803878	0.3620691853	0.0179475398684444	0.044852781504	0.0485004373546667	0.0452127202133333	0.0257471420657778
	3.8	0.2921266661	0.6728899789	0.7178155184	0.678870816	0.3219350949	0.0202303785387812	0.0465990290096953	0.0497102159556787	0.0470132144044321	0.0222946741620499
	3.85	0.3216092847	0.6953731176	0.7270944442	0.703686562	0.2690703404	0.0216973712059369	0.0469133491381346	0.0490534285174566	0.0474742156856131	0.0181528311958172
	3.9	0.3407257926	0.6975426535	0.7111457116	0.709963346	0.2086463550	0.0224014327810651	0.0458607924720579	0.0467551421170283	0.0466774060486522	0.0137177090729783
	3.95	0.3489594124	0.6788746648	0.6717371106	0.696825489	0.1429657906	0.0223656088703733	0.0435106338599583	0.0430531716455696	0.0446611433424131	0.00916300532606954
	4	0.3461842144	0.6395102123	0.6117358119	0.663970140	0.0742727898	0.0216365134	0.03996938826875	0.03823348824375	0.04149813375	0.0046420493625
	4.05	0.3324653463	0.5798559668	0.5344998612	0.610634797	0.0057250290	0.0202691873982625	0.0353516821704008	0.0325864874988569	0.0372281540618808	0.000349033927754915
	4.1	0.3084435807	0.5016631584	0.4443010124	0.5386604850	-0.0606845591	0.0183488150327186	0.02984313851279	0.0264307562403331	0.0320440502676978	-0.00361002731112433
	4.15	0.2747943325	0.4070880203	0.3450360137	0.4496934727	-0.1232974886	0.0159555426041515	0.0236369876789084	0.0200340260531282	0.0261108127565684	-0.00715909354623312
	4.2	0.2323437523	0.2988582931	0.2402059673	0.3459651256	-0.1806959223	0.0131714145294785	0.0169420801077097	0.0136171183276644	0.0196125354648526	-0.0102435330102041
	4.25	0.1814309362	0.1785100214	0.1313153349	0.2280837205	-0.2293984638	0.0100446193051903	0.00988290775916955	0.00727005314325259	0.0126274724152249	-0.0127002609716263
	4.3	0.1236585941	0.0511232978	0.0216460263	0.1013281113	-0.2705340438	0.00668786339102218	0.00276491605191996	0.00117068828015143	0.00548015745267712	-0.0146313706760411
	4.35	0.0603300459	-0.0792584192	-0.0871064320	-0.0305366548	-0.3035103154	0.00318827036068173	-0.00418858074778703	-0.00460332577619236	-0.00161377486061567	-0.0160396520227243
	4.4	-0.0070444361	-0.2084461565	-0.1936323835	-0.1635034846	-0.3278237620	-0.000363865501033058	-0.0107668469266529	-0.0100016727014463	-0.00844542792355372	-0.0169330455578512
	4.45	-0.0776821193	-0.3339796967	-0.2985287768	-0.2955599858	-0.3426361535	-0.00392284404999369	-0.016865531963136	-0.0150753075015781	-0.0149253874914783	-0.0173026715566216
	4.5	-0.1485279426	-0.4500538681	-0.3987893949	-0.4202867558	-0.3483225275	-0.00733471321481481	-0.0222248823753086	-0.0196933034518518	-0.0207549015209877	-0.0172011124691358
	4.55	-0.2172163386	-0.5527382571	-0.4925266089	-0.5335689397	-0.3446561777	-0.0104922757444753	-0.0266991067310711	-0.023790682714648	-0.0257731645791571	-0.0166480462601135
	4.6	-0.2811936622	-0.6385328526	-0.5773250432	-0.6316184336	-0.3314943043	-0.0132889254347826	-0.0301764108034027	-0.0272837922117202	-0.0298496424196597	-0.0156660824338374
	4.65	-0.3385616897	-0.7060801389	-0.6519170588	-0.7127844867	-0.3097186384	-0.0156578420487918	-0.0326548798196323	-0.0301499391282229	-0.0329649433090531	-0.0143239051173546
	4.7	-0.3855831048	-0.7509258038	-0.7106386356	-0.7718672824	-0.2788475362	-0.0174550975464011	-0.0339939250248981	-0.0321701510004527	-0.0349419322046175	-0.0126232474513354
	4.75	-0.4197876465	-0.7714192243	-0.7498146625	-0.8066951174	-0.2392937111	-0.0186055466592798	-0.0341903257307479	-0.0332327828254848	-0.0357538002171745	-0.0106058154504155
	4.8	-0.4391188427	-0.7667664597	-0.7660289820	-0.8159239544	-0.1918159875	-0.0190589775477431	-0.0332797942578125	-0.0332477856770833	-0.0354133660763889	-0.0083253466796875
	4.85	-0.4419647570	-0.7372925171	-0.7568211608	-0.7991281268	-0.1377972661	-0.0187890214475502	-0.0313441393176746	-0.0321743505494739	-0.0339729249356999	-0.00585810462748432
	4.9	-0.4272610723	-0.6829571952	-0.7193672651	-0.7557348069	-0.0784732672	-0.0177951300416493	-0.0284446978425656	-0.0299611522324032	-0.0314758353561016	-0.00326835765097876
	4.95	-0.3951143940	-0.6056217234	-0.6533967149	-0.6871449625	-0.0157524189	-0.0161254726660545	-0.0247167319008264	-0.0266665325946332	-0.02804387154372	-0.000642890272421181
	5	-0.3465262421	-0.5079903684	-0.5603181045	-0.595678814	0.0481175945	-0.013861049684	-0.020319614736	-0.02241272418	-0.02382715256	0.00192470378
	5.05	-0.2825468074	-0.3925332766	-0.4422606188	-0.483070578	0.1110332475	-0.0110791807626703	-0.0153919528124694	-0.017341853496716	-0.0189420871679247	0.00435381815508284
	5.1	-0.2062109483	-0.2635712817	-0.3041397675	-0.353794689	0.1699701191	-0.00792814103421761	-0.0101334595040369	-0.0116931859861592	-0.0136022564013841	0.00653479888888889
	5.15	-0.1208814651	-0.1257577835	-0.1521821743	-0.212496180	0.2224218549	-0.00455769497973419	-0.00474155089075313	-0.0057378517975304	-0.008011921198982	0.00838615722122726
	5.2	-0.0303611508	0.0159239187	0.0064373275	-0.064275472	0.2661175937	-0.00112282362426036	0.000588902318786982	0.000238066845414201	-0.00237705147928994	0.00984162698594674
	5.25	0.0622962126	0.1578643527	0.1658837403	0.087496444	0.2987730319	0.00226018004897959	0.00572750485986395	0.00601845769795918	0.00317447415873016	0.0108398378920635
	5.3	0.1522722020	0.2938365936	0.3173042792	0.235732809	0.3190871044	0.00542086870772517	0.0104605408899964	0.0112959871555714	0.00839205443218227	0.0113594554788181
	5.35	0.2357065361	0.4188712962	0.4536770287	0.374967856	0.3264807353	0.00823500868547472	0.0146343364905232	0.0158503634797799	0.0131004578915189	0.0114064367298454
	5.4	0.3091760074	0.5284254814	0.5691096835	0.500089303	0.3210849156	0.0106027437379973	0.0181215871536351	0.0195167929869684	0.0171498389231824	0.0110111425102881
	5.45	0.3707564812	0.6203098895	0.6610478484	0.608529596	0.3017138874	0.012482332503998	0.0208840969447016	0.0222556299436074	0.0204874874505513	0.0101578617086104
	5.5	0.4171160453	0.6894520833	0.7244526864	0.694181547	0.2717078569	0.0137889601752066	0.0227918044066116	0.0239488491371901	0.0229481503140496	0.00898207791404959
	5.55	0.4467368084	0.7333756125	0.7580310233	0.753917514	0.2333037028	0.0145032646181316	0.023808963963964	0.0246093993442091	0.0244758546871196	0.00757418075805535
	5.6	0.4588463242	0.7505870587	0.7620834478	0.785636255	0.1890665770	0.0146315792155612	0.0239345363105867	0.0243011303507653	0.0250521764987245	0.00602890870535714
	5.65	0.4540353678	0.7420728389	0.7393524980	0.789739755	0.1395255785	0.0142230516970789	0.0232460753042525	0.0231608582661132	0.0247392827942674	0.00437075976192341
	5.7	0.4320625340	0.7066819938	0.6910194268	0.764614075	0.0904647187	0.0132983236072638	0.02175075388735	0.0212686804185903	0.0235338281009541	0.00278438654047399
	5.75	0.3940146317	0.6458964386	0.6204481996	0.711406025	0.0443964692	0.0119172667432892	0.0195356200710775	0.0187659190805293	0.0215170064272212	0.00134280436143667
	5.8	0.3414625757	0.5621747424	0.5313773512	0.632361293	0.0032655410	0.0101504927378121	0.0167114965041617	0.0157959973602854	0.0187978981272295	0.0000970731569560047
	5.85	0.2762408759	0.4592047181	0.4277260581	0.5307663416	-0.0327821409	0.00807190812769377	0.0134182107706918	0.0124983872627657	0.0155092801986997	-0.000957911926364234
	5.9	0.2006099551	0.3401377038	0.3129008623	0.4101440273	-0.0606203441	0.00576299784831945	0.00977126411376041	0.00898882109451307	0.0117823621746625	-0.00174146349037633
	5.95	0.1172439234	0.2096015403	0.1905976785	0.2753246608	-0.0804098936	0.00331174135724878	0.0059205293496222	0.00538373500459007	0.00777698356895699	-0.00227130551797189
	6	0.0290811484	0.0726440256	0.0643464886	0.1316686484	-0.0930991212	0.000807809677777778	0.0020178896	0.00178740246111111	0.00365746245555556	-0.0025860867
	6.05	-0.0610446955	-0.0660707214	-0.0628191521	-0.0156279910	-0.0989949714	-0.00166777393620654	-0.00180508766887508	-0.001716253045557	-0.000426965125332969	-0.00270459589918721
	6.1	-0.1498164146	-0.2014566152	-0.1874818617	-0.1609454324	-0.0989426477	-0.00402624065036281	-0.00541404502015587	-0.00503848056167697	-0.00432532739586133	-0.00265903380005375
	6.15	-0.2338699926	-0.3283638858	-0.3062069440	-0.2986278998	-0.0955011532	-0.00618335627206028	-0.00868170760261749	-0.00809589381981625	-0.00789550928151233	-0.0025249825685769
	6.2	-0.3098635267	-0.4420014518	-0.4154629911	-0.4233671110	-0.0913971484	-0.00806096583506764	-0.0114984768938606	-0.0108080902991675	-0.0110137125650364	-0.00237765734651405
	6.25	-0.3746016249	-0.5381276426	-0.5116188185	-0.5304167825	-0.0892105907	-0.00958980159744	-0.01377606765056	-0.0130974417536	-0.013578669632	-0.00228379112192
	6.3	-0.4251841199	-0.6132175171	-0.5910287049	-0.6157822556	-0.0910768035	-0.0107126258478206	-0.015450176797682	-0.0148911238321995	-0.0155147960594608	-0.00229470404383976
	6.35	-0.4591700252	-0.6645998773	-0.6502094729	-0.6763773635	-0.0984337540	-0.0113874393998388	-0.0164821099212598	-0.0161252271783744	-0.0167741921631843	-0.00244116198152396
	6.4	-0.4747423411	-0.6905583992	-0.6860936934	-0.7101421246	-0.1118392608	-0.0115903891870117	-0.0168593359179687	-0.0167503343115234	-0.0173374542138672	-0.002730450703125
	6.45	-0.4708559517	-0.6903928564	-0.6963265894	-0.7161165822	-0.1308764588	-0.0113179725184785	-0.0165949848302386	-0.0167376140712698	-0.0172133064647557	-0.00314587966588546
	6.5	-0.4473501356	-0.6644381321	-0.6795629722	-0.6944680413	-0.1541577152	-0.0105881688899408	-0.0157263463218935	-0.0160843307029586	-0.0164371134035503	-0.0036487033183432
	6.55	-0.4050055510	-0.6151347902	-0.6370206598	-0.6469499652	-0.1732444881	-0.00944013870986539	-0.0143379707522872	-0.0148481011549444	-0.015079540008158	-0.0040380977355632
	6.6	-0.3450860261	-0.5428800340	-0.5682353647	-0.5747818008	-0.1924850899	-0.00792208508034895	-0.012462810697888	-0.013044888996786	-0.0131951744903581	-0.00441884963039486
	6.65	-0.2701646351	-0.4507533278	-0.4757625141	-0.4812167887	-0.2095507385	-0.00610921216801402	-0.0101928504222963	-0.010758381233535	-0.0108817183266437	-0.00473855477415343
	6.7	-0.1835915905	-0.3426012336	-0.3635164416	-0.3703407488	-0.2217979879	-0.00408981043662286	-0.00763201678770327	-0.00809793810648251	-0.00824996098908443	-0.00494092198485186
	6.75	-0.0893187566	-0.2228722178	-0.2365908707	-0.2468906763	-0.2265274340	-0.00196035679780521	-0.00489157130973937	-0.00519266657229081	-0.00541872540576132	-0.00497179553360768
	6.8	0.0083200775	-0.0964277559	-0.1009651879	-0.1160478881	-0.2212624725	0.000179932471885813	-0.00208537534385813	-0.00218350319852941	-0.00250968616133218	-0.00478508807309689
	6.85	0.1048557332	0.0316620023	0.0368778845	0.0167850340	-0.2040224070	0.00223465785497363	0.000674772279823113	0.000785931791784325	0.000357718237519314	-0.00434807196973733
	6.9	0.1959366492	0.1563291514	0.1703855465	0.1462136526	-0.1735645022	0.00411545156899811	0.00328353605124974	0.00357877644402436	0.00307107020793951	-0.00364554720016803
	6.95	0.2775675544	0.2727164679	0.2933744966	0.2670774303	-0.1295721857	0.00574644282180011	0.00564601144661249	0.00607369176750686	0.00552926722840433	-0.00268251510170281
	7	0.3463150407	0.3763745018	0.4004314415	0.3746621142	-0.0727712515	0.00706765389183673	0.00768111228163265	0.00817207023469388	0.00764616559591837	-0.00148512758163265
	7.05	0.4006299620	0.4654510617	0.4893809227	0.4661911726	-0.0061075045	0.00806055956943816	0.00936474144560133	0.0098462033640159	0.00937963226397063	-0.000122881233338363
	7.1	0.4369470620	0.5344438178	0.5548835400	0.536654212	0.0664858004	0.00866786474905773	0.0106019404443563	0.0110074100376909	0.010645788772069	0.00131890101963896
	7.15	0.4540973559	0.5808865878	0.5950242988	0.583576317	0.1416521851	0.00888253422465646	0.011362640477285	0.0116391862448041	0.0114152538901658	0.0027708383803609
	7.2	0.4518165431	0.6032912083	0.6092669817	0.605529722	0.2155829258	0.00871559689621914	0.0116375618885031	0.0117528352951389	0.0116807430941358	0.00415862125385802
	7.25	0.4307016341	0.6011955553	0.5983575487	0.602174941	0.2842538247	0.00819408578549346	0.0114377275681332	0.0113837345769322	0.0114563603519619	0.00540792056504162
	7.3	0.3921278612	0.5751664561	0.5641465869	0.574253434	0.3436870604	0.00735837607806343	0.0107931404785138	0.0105863499136799	0.0107760073935072	0.00644937249765434
	7.35	0.3381374571	0.5267580060	0.5093586390	0.523533020	0.3902176335	0.00625919676246009	0.00975071509093433	0.00942863878939331	0.00969101800175853	0.00722324278772734
	7.4	0.2713121178	0.4584277859	0.4373390879	0.452709328	0.4207437771	0.00495456752739226	0.00837158118882396	0.00798646983016801	0.00826715354273192	0.00768341448319941
	7.45	0.1946396491	0.3734153289	0.3518077333	0.365268519	0.4329423491	0.00350686273771452	0.00672790106571776	0.0063385925552903	0.00658111830998604	0.00780041167695149
	7.5	0.1113828240	0.2755888070	0.2566427581	0.265318166	0.4254334417	0.00198013909333333	0.00489935656888889	0.00456253792177778	0.00471676739555556	0.00756326118577778
	7.55	0.0239609361	0.1685050856	0.1548060406	0.156916513	0.3947941514	0.000420348863646331	0.00295609991842463	0.00271577633612561	0.0027528005438358	0.00692590941449936
	7.6	-0.0634879715	0.0569354365	0.0503067062	0.044802971	0.3457246008	-0.0010991684816482	0.000985724316135734	0.000870960979916898	0.00077567470567867	0.00598553671745152
	7.65	-0.1474240174	-0.0543557019	-0.0531111007	-0.066154951	0.2804138173	-0.00251909978897005	-0.000928800066641035	-0.000907533012089367	-0.00113041908667606	0.0047915556802939
	7.7	-0.2244700431	-0.1607149391	-0.1519044075	-0.171257135	0.2018944213	-0.00378596800640917	-0.00271065844324507	-0.00256205780907404	-0.00288846576151122	0.0034052019109462
	7.75	-0.2915251081	-0.2577999225	-0.2427744723	-0.266173677	0.1138591998	-0.00485369586847034	-0.00429219433922997	-0.00404203075629553	-0.00443161168782518	0.00189567866472425
	7.8	-0.3458744328	-0.3417617588	-0.3227052643	-0.347126713	0.0204431090	-0.0056849841025641	-0.00561738591058514	-0.00530416279257068	-0.0057055672748192	0.000336014283366206
	7.85	-0.3852944982	-0.4094019975	-0.3890094929	-0.4110434393	-0.0740127701	-0.0062524970294941	-0.00664370964339324	-0.00631278336484239	-0.0066703466964177	-0.00120106730658445
	7.9	-0.4081501649	-0.4582976030	-0.4393904333	-0.4556740281	-0.1651985167	-0.00653981997917	-0.00734333605191476	-0.00704038508732575	-0.00730129831917962	-0.00264698792981894
	7.95	-0.4134787806	-0.4868889185	-0.4720222034	-0.4796698793	-0.2490582189	-0.00654212698231874	-0.00770363385150904	-0.00746841032237649	-0.00758941306593885	-0.00394063872315177
	8	-0.4010547306	-0.4945274071	-0.4856448695	-0.4826195498	-0.3219850477	-0.006266480165625	-0.0077269907359375	-0.0075882010859375	-0.007540930465625	-0.0050310163703125
	8.05	-0.3725459632	-0.4831738228	-0.4812799966	-0.4668220837	-0.3803324980	-0.00574894430307473	-0.00745609849619999	-0.00742687391072875	-0.0072037665784499	-0.00586910224142587
	8.1	-0.3276562975	-0.4517714462	-0.4569354845	-0.4314461132	-0.4213873910	-0.00499399935223289	-0.00688571019966468	-0.00696441829751562	-0.00657592003048316	-0.00642260922115531
	8.15	-0.2683509810	-0.4021145842	-0.4134736817	-0.3784998009	-0.4438194692	-0.00404006144002409	-0.00605389113929768	-0.00622490393616621	-0.00569836728367647	-0.00668176399864504
	8.2	-0.1973037436	-0.3367505568	-0.3526565279	-0.3107151982	-0.4472002143	-0.00293432099345628	-0.00500818793575253	-0.00524474312760262	-0.00462098748066627	-0.00665080628048781
	8.25	-0.1177809996	-0.2588519634	-0.2771179903	-0.2314106107	-0.4319629509	-0.00173048300606061	-0.00380315097741047	-0.00407152235518825	-0.00339997224168962	-0.00634656309862259
	8.3	-0.0334865654	-0.1720636105	-0.1902741516	-0.1443296063	-0.3993219786	-0.00048608746407316	-0.00249765728697924	-0.00276199958774858	-0.00209507339671941	-0.00579651587458267
	8.35	0.0516250953	-0.0803314992	-0.0961711411	-0.0534644748	-0.3511606811	0.000740436663917674	-0.00115216033848471	-0.00137934154828068	-0.000766818097457779	-0.00503654747176306
	8.4	0.1335558753	0.0122780427	0.0007218924	0.0371274942	-0.2898994174	0.00189279868622449	0.000174008541666667	0.0000102309013605442	0.000526183307823129	-0.00410855183390023
	8.45	0.2084777616	0.1017607035	0.0957610661	0.1235063928	-0.2183538057	0.00291975437274605	0.00142517003606316	0.00134114444312174	0.00172972084730927	-0.00305806947515843
	8.5	0.2729387206	0.1843497195	0.1843984803	0.2020224555	-0.1395929132	0.0037776985550173	0.00255155321107266	0.00255222810103806	0.00279615855363322	-0.00193208184359862
	8.55	0.3251070448	0.2577593860	0.2634833978	0.2705592358	-0.0545435578	0.00444727669778735	0.00352599960329674	0.00360430078041107	0.00370109415957047	-0.000746124384254984
	8.6	0.3617814014	0.3182900458	0.3286223175	0.325584010	0.0306221022	0.00489158195511087	0.00430354307463494	0.00444324388182802	0.00440216346673878	0.000414035995132504
	8.65	0.3814600989	0.3636120005	0.3769492178	0.364995135	0.1125723027	0.00509820039292993	0.00485966120485148	0.00503791263055899	0.00487814674730195	0.00150452474456213
	8.7	0.3835083117	0.3921179043	0.4065583674	0.387435354	0.1882567205	0.00506682932619897	0.00518057741181134	0.00537136170432025	0.00511871256440745	0.00248720729951116
	8.75	0.3681676327	0.4029786517	0.4165870958	0.392335991	0.2549910611	0.00480872010057143	0.00526339463444898	0.00544113757779592	0.00512438845387755	0.00333049549191837
	8.8	0.3365155292	0.3961630356	0.4072258547	0.379924335	0.3105196625	0.00434550011880165	0.00511574167871901	0.00525859833032025	0.0049060477143595	0.00400980969137397
	8.85	0.2903801365	0.3724210151	0.3796585880	0.351194636	0.3530586782	0.00370749320437933	0.00475496843308117	0.00484737576047751	0.00448395590028408	0.0045077554751189
	8.9	0.2322186521	0.3332321098	0.3359423975	0.307844888	0.3813230514	0.00293168352606994	0.00420694495391996	0.00424116143794975	0.00388643969195809	0.0048140771543997
	8.95	0.1649694528	0.2807220105	0.2788401285	0.252183036	0.3945405142	0.00205947945195219	0.00350453494585063	0.00348104152180019	0.00314825424924316	0.00492544570019662
	9	0.0918888574	0.2175518966	0.2116223803	0.187007633	0.3924553389	0.0011344303382716	0.00268582588395062	0.00261262197901235	0.00230873620987654	0.00484512764074074
	9.05	0.0157837053	0.1465642267	0.1376744897	0.115012010	0.3734178557	0.000192713351851287	0.00178949637312658	0.00168095588901438	0.00140425518146577	0.00455929740484112
	9.1	-0.0594742691	0.0710867466	0.0606248465	0.039826379	0.3398849132	-0.000718201534838788	0.000858431911604879	0.000732095719116049	0.000480936831300568	0.00410439455621302
	9.15	-0.1305704907	-0.0054071328	-0.0159319906	-0.035074858	0.2933657933	-0.0015595627304488	-0.0000645839863835886	-0.00019029520857595	-0.000418941837618322	0.00350402571948998
	9.2	-0.1944790471	-0.0794871868	-0.0886500819	-0.106320577	0.2358111727	-0.00229772031072779	-0.000939120827032136	-0.00104737809428166	-0.00125615048440454	0.00278604882679584
	9.25	-0.2485782300	-0.1479211509	-0.1545629898	-0.170795214	0.1695519531	-0.00290522401753104	-0.00172880819167275	-0.00180643377414171	-0.00199614567129291	0.00198161522980278
	9.3	-0.2907423611	-0.2078167002	-0.2111794916	-0.225775390	0.0972277079	-0.0033615719863568	-0.00240278298300382	-0.00244166367903804	-0.00261042189848537	0.00112414970401202
	9.35	-0.3194092202	-0.2567443502	-0.2565453670	-0.269044857	0.0217041743	-0.00365362715776831	-0.00293682233063571	-0.00293454622093855	-0.0030775241728388	0.000248267600446109
	9.4	-0.3336233927	-0.2928360258	-0.2892750321	-0.2989829207	-0.0540202612	-0.00377572875396107	-0.00331412433001358	-0.0032738233601177	-0.00338369081824355	-0.00061136556360344
	9.45	-0.3330563998	-0.3148553052	-0.3085582397	-0.3146228611	-0.1269182411	-0.00372953052602111	-0.0035257165835223	-0.00345520270653117	-0.0035231136989446	-0.00142121711150304
	9.5	-0.3180046615	-0.3222367684	-0.3141474355	-0.3156783959	-0.1940452502	-0.00352359735734072	-0.00357049050858726	-0.00348085801108033	-0.00349782156121884	-0.00215008587479224
	9.55	-0.2892446365	-0.3152397393	-0.3064866586	-0.3025557755	-0.2525662639	-0.00317145513006771	-0.00345648133877909	-0.00336050720758751	-0.00331740660069625	-0.00276929101614539
	9.6	-0.2480920870	-0.2942608376	-0.2859845693	-0.2759961369	-0.2996869939	-0.00269197143012153	-0.00319293443576389	-0.00310313117730035	-0.00299474974934896	-0.00325181199978299
	9.65	-0.1965382184	-0.2606755276	-0.2538842883	-0.2376242577	-0.3334609303	-0.00211053417165561	-0.00279927544470993	-0.00272634742731348	-0.00255173838438616	-0.00358088464441998
	9.7	-0.1370089067	-0.2163992033	-0.2118484501	-0.1895668069	-0.3525008599	-0.00145614737697949	-0.00229991713572112	-0.00225155117547029	-0.00201473915293868	-0.00374642214794346
	9.75	-0.0722620190	-0.1637828684	-0.1618962124	-0.1343379318	-0.3560532346	-0.000760152731097962	-0.00172289670900723	-0.00170305022905983	-0.00141315378619329	-0.00374546466377383
	9.8	-0.0052690486	-0.1054912198	-0.1063300239	-0.0747097395	-0.3440465329	-0.0000548630633069554	-0.00109840920241566	-0.0011071431059975	-0.000777902327155352	-0.00358232541545189
	9.85	0.0609152183	-0.0443693776	-0.0476514595	-0.0135742886	-0.3171088070	0.000627846306784509	-0.000457310186812337	-0.000491138235976191	-0.00013990866654642	-0.00326840482362339
	9.9	0.1232901134	0.0166951044	0.0115337363	0.0461960665	-0.2765511443	0.00125793402101826	0.000170340826446281	0.000117679178655239	0.000471340337720641	-0.00282166252729313
	9.95	0.1790475962	0.0749082676	0.0686199213	0.1018832430	-0.2243157506	0.00180851590818414	0.000756630060857049	0.000693113015327896	0.00102909767935153	-0.00226575844650388
	10	0.2257050527	0.1276974020	0.1211120659	0.1510466138	-0.1628896376	0.002257050527	0.00127697402	0.001211120659	0.001510466138	-0.001628896376
	10.05	0.2625670467	0.1740608173	0.1679846349	0.1928705757	-0.0931415755	0.00259960938293607	0.00172333177198584	0.00166317303928121	0.00190956239400015	-0.000922170990817059
	10.1	0.2866628739	0.2109648830	0.2060577808	0.2244912406	-0.0204712246	0.00281014482795804	0.00206808041368493	0.00201997628467797	0.00220067876286639	-0.000200678606019018
	10.15	0.2969518394	0.2369377108	0.2336500330	0.244689841	0.0515400566	0.00288239791695989	0.00229986372685578	0.00226795149603242	0.00237511068941251	0.000500279614647286
	10.2	0.2930774818	0.2510645792	0.2495978346	0.252824162	0.1193839484	0.00281696925990004	0.00241315435601692	0.00239905646482122	0.00243006691657055	0.00114748124183007
	10.25	0.2753854930	0.2530168917	0.2533203771	0.248843732	0.1798107782	0.00262115876740036	0.0024082512	0.00241113981772754	0.00236853046519929	0.0017114648728138
	10.3	0.2449034916	0.2430522661	0.2448530440	0.233276070	0.2300010283	0.00230845029314733	0.00229100071731549	0.00230797477613347	0.00219885069280799	0.00216798028372137
	10.35	0.2032834680	0.2219864699	0.2248459777	0.207185455	0.2677121331	0.00189767292585591	0.00207226744988214	0.00209896126117296	0.00193409839202782	0.00249912140866765
	10.4	0.1527102220	0.1911392706	0.1945268631	0.172106931	0.2913914671	0.0014118918454142	0.00176719000184911	0.00179851019877959	0.00159122532359467	0.00269407791327663
	10.45	0.0957813869	0.1522574857	0.1556297754	0.129959450	0.3002486194	0.000877098847553857	0.00139426739955587	0.00142514846638126	0.00119007760811337	0.00274946653602253
	10.5	0.0353664696	0.1074195486	0.1102945564	0.082942923	0.2942827586	0.000320784304761905	0.000974326971428571	0.00100040413968254	0.000752316761904762	0.00266923137052154
	10.55	-0.0255464113	0.0589266958	0.0609434244	0.033424657	0.2742639068	-0.000229522349453067	0.000529428321915501	0.000547547668740594	0.000300304638260596	0.00246413069607601
	10.6	-0.0840068270	0.0091864043	0.0101431581	-0.016179034	0.2416700240	-0.000747657769668921	0.0000817586712353151	0.000090273745995016	-0.000143992826628693	0.00215085461018156
	10.65	-0.1372522251	-0.0394060596	-0.0395379176	-0.063520137	0.1985847155	-0.00121009698340276	-0.000347427182437347	-0.000348589720734422	-0.000560031184288832	0.00175084057836849
	10.7	-0.1828436034	-0.0845821783	-0.0856688127	-0.106429490	0.1475628986	-0.00159702684426587	-0.000738773502489301	-0.00074826458817364	-0.000929596383963665	0.00128887150493493
	10.75	-0.2187795747	-0.1243053530	-0.1260819642	-0.143015422	0.0914736970	-0.00189317100876149	-0.0010756547582477	-0.0010910283543537	-0.00123755908707409	0.00079155173174689
	10.8	-0.2435834250	-0.1568618516	-0.1589792061	-0.171745999	0.0333310650	-0.00208833526234568	-0.00134483754801097	-0.00136299045010288	-0.00147244512174211	0.000285760159465021
	10.85	-0.2563597063	-0.1809335084	-0.1830121021	-0.1915114028	-0.0238769266	-0.00217766107838349	-0.00153694925269171	-0.0015546059767674	-0.00162680373590435	-0.000202823815328421
	10.9	-0.2568189050	-0.1956491535	-0.1973332318	-0.2016639739	-0.0773495621	-0.00216159334231125	-0.00164673978200488	-0.00166091433212693	-0.0016973653219426	-0.000651035789074994
	10.95	-0.2452706376	-0.2006128724	-0.2016172058	-0.2020346703	-0.1246162242	-0.00204558401701382	-0.00167313335751965	-0.00168150960822335	-0.0016849913079377	-0.00103931297679365
	11	-0.2225875183	-0.1959083886	-0.1960522525	-0.1929258585	-0.1636526360	-0.00183956626694215	-0.00161907759173554	-0.00162026654958678	-0.00159442858264463	-0.00135250112396694
	11.05	-0.1904389213	-0.1825667452	-0.1817872921	-0.1754732129	-0.1935684021	-0.00155966439098299	-0.00149519252431359	-0.00148880892774513	-0.00143709762617473	-0.00158529433959174
	11.1	-0.1499100518	-0.1607650740	-0.1591303860	-0.1501163315	-0.2121260404	-0.00121670361009658	-0.00130480540540541	-0.00129153791088386	-0.00121837782241701	-0.00172166253063875
	11.15	-0.1031023279	-0.1317896098	-0.1294754899	-0.1182896703	-0.2189813262	-0.000829313502382915	-0.00106006241669851	-0.00104144857045185	-0.000951474353395403	-0.00176139738341813
	11.2	-0.0523638102	-0.0972416606	-0.0945030205	-0.0817002582	-0.2144307912	-0.000417441088966837	-0.000775204564732143	-0.000753372293526786	-0.000651309456313776	-0.00170942913903061
	11.25	-0.0001728877	-0.0589510317	-0.0560855356	-0.0422371932	-0.1993565585	-0.00000136602627160494	-0.000465785929481482	-0.000443144972641975	-0.000333725970962963	-0.00157516293135802
	11.3	0.0509801696	-0.0188804641	-0.0161897546	-0.0018747805	-0.1751413933	0.000399249507400736	-0.00014786172840473	-0.000126789526196257	-0.0000146822813062887	-0.00137161401284361
	11.35	0.0987086532	0.0209739655	0.0232203209	0.0374257518	-0.1435612386	0.000766237677424363	0.000162812905354267	0.000180250506704962	0.000290521856042229	-0.00111441121387956
	11.4	0.1408370951	0.0586814651	0.0602750050	0.0738110908	-0.1066633605	0.00108369571483533	0.000451534819175131	0.000463796591258849	0.000567952376115728	-0.000820739923822715
	11.45	0.1754969137	0.0924693204	0.0932817183	0.1056226684	-0.0666384533	0.00133862370053965	0.000705320801662821	0.00071151746381648	0.000805649536812799	-0.0005082927732118
	11.5	0.2012063233	0.1208054298	0.1207961200	0.1314714488	-0.0256946828	0.00152140887183365	0.000913462607183365	0.000913392211720227	0.000994113034404537	-0.000194288716824197
	11.55	0.2169314510	0.1424667724	0.1416793741	0.150297350	0.0140592240	0.00162614232117089	0.00106794679559978	0.00106204437023294	0.00112664567755477	0.000105389509192107
	11.6	0.2221263266	0.1565907974	0.1551399542	0.161410832	0.0507160039	0.00165076045332937	0.00116372471313912	0.00115294258472057	0.00119954542211653	0.000376902526010702
	11.65	0.2167502175	0.1627076521	0.1607589619	0.164515133	0.0826526688	0.00159701020464551	0.00119882592864116	0.00118446802777727	0.0012121434028993	0.000608982805356518
	11.7	0.2012616626	0.1607521704	0.1584984784	0.159708654	0.1085914046	0.00147024371831397	0.001174316388341	0.00115785286288261	0.00116669335963182	0.000793274925852875
	11.75	0.1765895123	0.1510555833	0.1486930150	0.147467960	0.1276374561	0.00127905486500679	0.00109411015518334	0.00107699784517881	0.00106812465368945	0.000924490401810774
	11.8	0.1440822775	0.1343179165	0.1320246833	0.128612840	0.1392943577	0.00103477648305085	0.000964650362683137	0.000948180718902614	0.000923677391554151	0.00100039038853778
	11.85	0.1054380930	0.1115629810	0.1094832780	0.104255695	0.1434580999	0.000750863237728996	0.000794480806138618	0.000779670480158094	0.00074244294895761	0.00102161761754705
	11.9	0.0626185538	0.0840786729	0.0823130527	0.075738226	0.1403927711	0.000442190197019984	0.000593734008191512	0.000581265819504272	0.000534836706447285	0.000991404357743097
	11.95	0.0177505377	0.0533459563	0.0519485491	0.044558949	0.1306908542	0.00012430130915075	0.000373564582552827	0.000363778989163355	0.000312031995238179	0.000915186038059558
	12	-0.0269791983	0.0209603752	0.0199423699	0.012295375	0.1152217002	-0.00018735554375	0.000145558161111111	0.000138488679861111	0.0000853845486111111	0.000800150695833333
	12.05	-0.0699930038	-0.0117617848	-0.0124199148	-0.019835491	0.0946086500	-0.00048203718117801	-0.0000810026328747783	-0.0000855351305934815	-0.000136605712711558	0.00065156350613798
	12.1	-0.1087727043	-0.0429865108	-0.0433287690	-0.050023210	0.0703999643	-0.000742932206133461	-0.000293603652755959	-0.00029594132231405	-0.000341665255105526	0.000480841228741206
	12.15	-0.1414964396	-0.0712074241	-0.0712889490	-0.076859055	0.0440060307	-0.000958501851682501	-0.000482361591898254	-0.000482913844434283	-0.000520645938119189	0.000298098397601992
	12.2	-0.1666744230	-0.0951097696	-0.0949852348	-0.099142388	0.0168638116	-0.00111982278285407	-0.000639006783122817	-0.000638170080623488	-0.000666100429991938	0.000113301609782317
	12.25	-0.1832187437	-0.1136308000	-0.1133452970	-0.1159333516	-0.0096316337	-0.00122094956234902	-0.000757223157017909	-0.000755320596418159	-0.000772567107705123	-0.000064184147938359
	12.3	-0.1904915088	-0.1260058395	-0.1255892923	-0.1265909537	-0.0341895462	-0.00125911500297442	-0.000832876194725362	-0.00083012289179721	-0.00083674369555159	-0.000225986821336506
	12.35	-0.1883289986	-0.1317980961	-0.1312636173	-0.1307951333	-0.0556778157	-0.00123476207510367	-0.000864122317035192	-0.00086061805504106	-0.00085754648199446	-0.000365046571489452
	12.4	-0.1770408729	-0.1309111687	-0.1302571433	-0.1285521816	-0.0731677398	-0.00115141046370968	-0.000851399380202914	-0.000847145833116545	-0.000836057372528616	-0.000475856788501561
	12.45	-0.1573848791	-0.1235841000	-0.1227992489	-0.1201837976	-0.0859680424	-0.00101536993983968	-0.000797303914452993	-0.000792240440638054	-0.000775366833438171	-0.000554623586071193
	12.5	-0.1305188782	-0.1103697160	-0.1094400208	-0.1063008445	-0.0936473515	-0.00083532082048	-0.0007063661824	-0.00070041613312	-0.0006803254048	-0.0005993430496
	12.55	-0.0979332323	-0.0920978178	-0.0910140102	-0.0877636190	-0.0960446756	-0.000621788430659831	-0.000584738767956064	-0.000577857559086364	-0.000557220482214568	-0.000609797784797067
	12.6	-0.0613676152	-0.0698255188	-0.0685898570	-0.0656310589	-0.0932677526	-0.000386543305618544	-0.000439818082640464	-0.00043203487654321	-0.000413397952254976	-0.000587476395817586
	12.65	-0.0227170573	-0.0447776034	-0.0434088599	-0.0411017964	-0.0856795016	-0.000141961644768704	-0.000279820671468075	-0.000271267227421144	-0.000256850107953569	-0.000535421591338718
	12.7	0.0160675220	-0.0182802112	-0.0168161260	-0.0154502756	-0.0738731893	0.0000996188356376713	-0.000113337536115072	-0.000104260189720379	-0.0000957919003038006	-0.000458014689689379
	12.75	0.0530789132	0.0083086058	0.0098117469	0.0100387060	-0.0586373399	0.000326513883583237	0.0000511102240676663	0.0000603567667820069	0.0000617529011918493	-0.000360706435371011
	12.8	0.0865481492	0.0336678524	0.0351384319	0.0341337051	-0.0409118505	0.000528247980957031	0.000205492263183594	0.000214467968139648	0.000208335602416992	-0.000249706118774414
	12.85	0.1149292377	0.0565786108	0.0579352286	0.0557154635	-0.0217372090	0.000696024089388181	0.000342646282608367	0.000350862109040258	0.000337418967736075	-0.000131642925706672
	12.9	0.1369700601	0.0759819420	0.0771405574	0.0738280899	-0.0021991199	0.000823087915990626	0.000456594808004327	0.000463557222522685	0.000443651763115197	-0.0000132150706087375
	12.95	0.1517662855	0.0910269541	0.0919087091	0.087720300	0.0166288272	0.000904973303916161	0.000542788295344434	0.000548046147791476	0.000523070914267826	0.0000991567042828819
	13	0.1587961534	0.1011069042	0.1016456801	0.096875007	0.0337415737	0.000939622209467456	0.000598265705325444	0.000601453728402367	0.000573224893491124	0.000199654282248521
	13.05	0.1584841225	0.1063481601	0.1064950283	0.101449670	0.0489722731	0.000930603617093114	0.000624466229796979	0.000625328625827571	0.000595702764198999	0.00028756050615816
	13.1	0.1503069589	0.1060831260	0.1058121547	0.100887669	0.0606540382	0.000875863637899889	0.000618164011421246	0.000616585016607424	0.000587889219742439	0.000353441164267817
	13.15	0.1348420291	0.1004640002	0.0997758774	0.095377133	0.0681896479	0.000779783018982492	0.000580977028437595	0.000576997657332042	0.000551559993638769	0.000394336468070957
	13.2	0.1130182161	0.0899112931	0.0888335660	0.085346937	0.0712387962	0.000648635308195592	0.000516019818067034	0.000509834515610652	0.000489824018595041	0.000408854431818182
	13.25	0.0860613466	0.0750854730	0.0736704762	0.071437596	0.0697347312	0.000490203469419722	0.000427685143467426	0.000419625353933784	0.000406906919188323	0.00039720744008544
	13.3	0.0554261300	0.0568470688	0.0551678861	0.054462420	0.0638846578	0.000313336706427723	0.000321369601447227	0.000311876794052801	0.000307888631352818	0.000361154716490474
	13.35	0.0227183198	0.0362075790	0.0343525518	0.035361181	0.0541537627	0.000127471670524204	0.000203159415898666	0.000192750925388209	0.000198410307340543	0.000303854803405855
	13.4	-0.0103888241	0.0142739461	0.0123403364	0.015148911	0.0412337584	-0.0000578571179550011	0.000079494019269325	0.0000687254199153486	0.0000843668467364669	0.000229637772332368
	13.45	-0.0422395185	-0.0078103819	-0.0097229546	-0.005137431	0.0259978468	-0.000233493282292948	-0.0000431745382181009	-0.0000537469332927959	-0.0000283988944320836	0.00014371192659029
	13.5	-0.0712776641	-0.0289246888	-0.0307204701	-0.024491658	0.0094449034	-0.000391098294101509	-0.000158708854869685	-0.000168562250205761	-0.00013438495473251	0.0000518238869684499
	13.55	-0.0961222817	-0.0480274750	-0.0496200028	-0.0419877349	-0.0073635942	-0.000523534710584006	-0.000261583992592693	-0.00027025777317847	-0.000228688252610939	-0.0000401061761141597
	13.6	-0.1156325909	-0.0642073681	-0.0655237884	-0.0568234928	-0.0233698787	-0.000625176205125433	-0.000347141912305363	-0.000354259236591696	-0.000307220441176471	-0.000126350987781142
	13.65	-0.1289597185	-0.0767259944	-0.0777101019	-0.0683566102	-0.0375852149	-0.000692131752740544	-0.00041179135316454	-0.000417073095841887	-0.000366872547330569	-0.000201721289162608
	13.7	-0.1355827323	-0.0850508316	-0.0856648153	-0.0761313185	-0.0491500708	-0.000722375898023337	-0.000453145248015345	-0.000456416512866962	-0.000405622667696734	-0.000261868351004316
	13.75	-0.1353275045	-0.0888766332	-0.0891016190	-0.0798947869	-0.0573853430	-0.000715781841983471	-0.000470091283041322	-0.000471281290578512	-0.000422583996826446	-0.000303525781157025
	13.8	-0.1283677887	-0.0881346392	-0.0879702092	-0.0796027107	-0.0618314588	-0.000674058961877757	-0.000462794786809494	-0.000461931365259399	-0.000417993649968494	-0.000324676847300987
	13.85	-0.1152087888	-0.0829894437	-0.0824523491	-0.0754141928	-0.0622730200	-0.000600601018128739	-0.000432636649506705	-0.000429836693297189	-0.000393145709184272	-0.000324638767610682
	13.9	-0.0966543746	-0.0738240252	-0.0729463211	-0.0676765519	-0.0587476377	-0.000500255548884633	-0.00038209215465038	-0.000377549407898142	-0.000350274581543398	-0.000304061061539258
	13.95	-0.0737599117	-0.0612140440	-0.0600408486	-0.0569011816	-0.0515386784	-0.000379028592643979	-0.000314559391580273	-0.000308530715689675	-0.000292396971261931	-0.000264840782620984
	14	-0.0477733712	-0.0458930310	-0.0444800736	-0.0437320027	-0.0411527085	-0.000243741689795918	-0.000234148117346939	-0.000226939151020408	-0.000223122462755102	-0.000209962798469388
	14.05	-0.0198840837	-0.0286362046	-0.0270407147	-0.0288538327	-0.0281730617	-0.000100728631602943	-0.0001450650554071	-0.000136982635478274	-0.000146167514089234	-0.000142718869821811
	14.1	0.0084481772	-0.0103324098	-0.0086248772	-0.0130193184	-0.0133851400	0.0000424937236557517	-0.0000519712781047231	-0.0000433825119460792	-0.0000654862350988381	-0.0000673262914340325
	14.15	0.0357770538	0.0080578933	0.0098033548	0.002945998	0.0022610363	0.000178686480290677	0.0000402446942776162	0.0000489623034374259	0.0000147136210965301	0.0000112926184619611
	14.2	0.0607359377	0.0255934760	0.0273018438	0.018237027	0.0177739208	0.000301209768399127	0.000126926582027376	0.000135398947629439	0.0000904434983138266	0.000088146800238048
	14.25	0.0821064897	0.0414002561	0.0429983428	0.032109260	0.0321829769	0.000404340977285319	0.000203879377531548	0.000211749302800862	0.000158125010772545	0.000158488036441982
	14.3	0.0988782085	0.0547145426	0.0561337429	0.043914499	0.0445985621	0.000483535666780772	0.00026756585945523	0.000274506053596753	0.000214751327693286	0.000218096543107242
	14.35	0.1102961060	0.0649194900	0.0660984788	0.053130491	0.0542654455	0.000535619497626534	0.000315261761099443	0.000320987161674902	0.000258012072503005	0.000263523633891391
	14.4	0.1158942285	0.0715730503	0.0724603497	0.059383154	0.0606067682	0.000558903493923611	0.000345163244116512	0.000349442272858796	0.000286377092978395	0.000292278010223765
	14.45	0.1155135517	0.0744261939	0.0749824991	0.062460515	0.0632559748	0.000553219198524922	0.000356443021036626	0.000359107286071766	0.000299136815890614	0.000302946443648903
	14.5	0.1093036339	0.0734307104	0.0736308441	0.062317910	0.0620750876	0.000519874596432818	0.000349254270630202	0.000350206155053508	0.000296399096313912	0.000295244174078478
	14.55	0.0977082805	0.0687364567	0.0685708130	0.059074495	0.0571586183	0.00046153578961042	0.000324684199289097	0.000323901763087351	0.00027904486248391	0.000269995008561543
	14.6	0.0814363131	0.0606784728	0.0601538219	0.053001528	0.0488233312	0.000382043127697504	0.000284661628823419	0.000282200327922687	0.000248646687933946	0.000229045464439857
	14.65	0.0614192955	0.0497548983	0.0488944483	0.044503315	0.0375849394	0.000286173609477105	0.000231825173502312	0.000227816041188599	0.000207356241773346	0.00017512115178977
	14.7	0.0387587123	0.0365970775	0.0354397287	0.034092051	0.0241235748	0.000179363747975381	0.000169360347540377	0.000164004482854366	0.000157767832847425	0.000111636701374427
	14.75	0.0146655924	0.0219336076	0.0205323864	0.022358045	0.0092404732	0.0000674086407354209	0.000100815202987647	0.0000943746573972996	0.000102766078713013	0.0000424727294455616
	14.8	-0.0096041107	0.0065503509	0.0049700674	0.0099370339	-0.0061912580	-0.0000438463782870709	0.0000299048160153397	0.0000226902273557341	0.00004536629793645	-0.0000282654218407597
	14.85	-0.0328149256	-0.0087514116	-0.0104371822	-0.0025236618	-0.0212786964	-0.000148805340044667	-0.0000396848920178213	-0.0000473293301137072	-0.0000114440104751216	-0.0000964921783491481
	14.9	-0.0538146530	-0.0231964718	-0.0249089331	-0.0143983388	-0.0351608634	-0.000242397428043782	-0.000104483905229494	-0.000112197347416783	-0.0000648544606098824	-0.000158375133552543
	14.95	-0.0715913516	-0.0360746999	-0.0377337087	-0.0251138189	-0.0470572230	-0.000320315663583181	-0.000161406247804834	-0.000168829022941578	-0.000112364823212268	-0.000210544503976466
	15	-0.0853217230	-0.0467756143	-0.0483036699	-0.0341765492	-0.0563102743	-0.000379207657777778	-0.000207891619111111	-0.000214682977333333	-0.000151895774222222	-0.000250267885777778
	15.05	-0.0949314664	-0.0551374783	-0.0564707061	-0.0414335173	-0.0630284679	-0.000419118845928853	-0.000243429888411828	-0.000249316038895818	-0.000182927417136676	-0.000278268310062803
	15.1	-0.0995708114	-0.0605464579	-0.0616211700	-0.0464104033	-0.0663093558	-0.000436694931801237	-0.000265542993289768	-0.000270256436121223	-0.00020354547300557	-0.000290817752730143
	15.15	-0.0990753130	-0.0627792459	-0.0635439915	-0.0489203685	-0.0659367144	-0.000431658390789574	-0.000273521096624514	-0.000276852994804431	-0.000213139751004803	-0.000287277780609744
	15.2	-0.0935453630	-0.0617791197	-0.0621972977	-0.0489064531	-0.0618986182	-0.000404888170879501	-0.000267395774324792	-0.000269205755280471	-0.000211679592711219	-0.000267912994286704
	15.25	-0.0833371029	-0.0576557475	-0.0577074474	-0.0464408101	-0.0543870448	-0.000358342823542059	-0.000247915065842515	-0.000248137371244289	-0.00019969173920989	-0.000233859907766729
	15.3	-0.0690403716	-0.0506764443	-0.0503594235	-0.0417173917	-0.0437863856	-0.000294930888119954	-0.000216482738690247	-0.0002151284698193	-0.000178210909052074	-0.00018704936391986
	15.35	-0.0514450194	-0.0412494964	-0.0405792521	-0.0350386476	-0.0306516802	-0.000218336616409723	-0.000175066033167461	-0.000172221464843128	-0.000148706713492981	-0.000130088086664049
	15.4	-0.0314974936	-0.0299005628	-0.0289095088	-0.0267970843	-0.0156778993	-0.000132811155338168	-0.000126077596559285	-0.000121898755270703	-0.000112991585005903	-0.0000661068447461629
	15.45	-0.0102500654	-0.0172435072	-0.0159793124	-0.017452774	0.0003379789	-0.0000429407542861931	-0.0000722384859815042	-0.0000669423755511568	-0.0000731151705574931	0.00000141590012672678
	15.5	0.0111945883	-0.0039472685	-0.0024704566	-0.007508082	0.0165400239	0.0000465955808532778	-0.0000164298376690947	-0.0000102828578563996	-0.000031251121748179	0.000068845052653486
	15.55	0.0317405407	0.0092994459	0.0109185020	0.002519028	0.0320592500	0.000131266387651079	0.0000384588492674807	0.0000451546282606673	0.0000104177086671974	0.000132584443916006
	15.6	0.0503545566	0.0218237852	0.0235083145	0.012121697	0.0460599603	0.000206913858481262	0.0000896769608809993	0.0000965989254602235	0.0000498097345496384	0.000189266766518738
	15.65	0.0661179705	0.0330028598	0.0346734148	0.020829517	0.0577841519	0.000269954661168329	0.000134748174626668	0.000141568924047403	0.0000850453388316712	0.000235928311608774
	15.7	0.0782719056	0.0422946028	0.0438728677	0.028231281	0.0665917220	0.00031754596778774	0.000171587499695728	0.000177990456813664	0.000114533169702625	0.000270159933465861
	15.75	0.0862536154	0.0492638677	0.0506763719	0.033994046	0.0719944360	0.000347709207961703	0.000198594578785588	0.000204288725220459	0.000137038230284706	0.000290227003275384
	15.8	0.0897222188	0.0536025185	0.0547840816	0.037877642	0.0736819435	0.000359406420445441	0.000214719269748438	0.000219452337766384	0.000151729057843294	0.000295152794023394
	15.85	0.0885726684	0.0551426034	0.0560393552	0.039744035	0.0715385239	0.000352566622814437	0.000219497072913453	0.000223066625003732	0.000158202529630109	0.000284761611320642
	15.9	0.0829374138	0.0538620780	0.0544339184	0.039561209	0.0656497077	0.000328062235671057	0.000213053589652308	0.000215315527075669	0.000156485934100708	0.000259680027293224
	15.95	0.0731758633	0.0498829384	0.0501053299	0.037401551	0.0562984241	0.000287638145458476	0.000196078805829345	0.000196952977663348	0.000147017230569668	0.000221296662179027
	16	0.0598523732	0.0434620205	0.0433270360	0.033434973	0.0439508472	0.0002337983328125	0.000169773517578125	0.000169246234375	0.00013060536328125	0.000171682996875
	16.05	0.0439686518	0.0351241035	0.0346457754	0.028012859	0.0295691090	0.000170684103609243	0.000136350010190118	0.000134493164468513	0.00010874451529003	0.000114785799827253
	16.1	0.0261602667	0.0252275036	0.0244302842	0.021393117	0.0136166748	0.00010092306122449	0.0000973245769839126	0.000094249003510667	0.0000825319895065777	0.0000525314409166313
	16.15	0.0073392273	0.0142904029	0.0132131266	0.0139358841	-0.0031205722	0.0000281387813551362	0.0000547897627696997	0.0000506594584439609	0.0000534305288079058	-0.0000119643520018403
	16.2	-0.0115464465	0.0028718800	0.0015658962	0.0060313133	-0.0198119458	-0.0000439965192043896	0.0000109429964944368	0.00000596668267032465	0.000022981684575522	-0.0000754913344002439
	16.25	-0.0295604513	-0.0084566052	-0.0099298617	-0.0019205427	-0.0356236341	-0.000111944904331361	-0.0000320250137751479	-0.0000376042099881657	-0.00000727306111242603	-0.000134906069964497
	16.3	-0.0458245992	-0.0191397534	-0.0207116413	-0.0095297141	-0.0497608886	-0.000172473932778802	-0.0000720379141104295	-0.0000779541619933005	-0.0000358677936693139	-0.000187289279235199
	16.35	-0.0595615891	-0.0286655712	-0.0302634408	-0.0164351828	-0.0615085752	-0.000222807990722816	-0.000107232167887103	-0.000113209478438964	-0.0000614807313263941	-0.00023009127626743
	16.4	-0.0701320666	-0.0365897987	-0.0381403603	-0.0223217364	-0.0702679904	-0.000260752775877454	-0.0001360417857674	-0.00014180681253718	-0.0000829927736466389	-0.000261258143961927
	16.45	-0.0770642099	-0.0425564618	-0.0439891700	-0.0269340350	-0.0755880035	-0.000284787501593666	-0.000157265589933574	-0.000162560101994623	-0.0000995335778494286	-0.000279332243789322
	16.5	-0.0800744801	-0.0463136087	-0.0475639048	-0.0300872837	-0.0771888582	-0.00029412113902663	-0.000170114265197429	-0.000174706721028466	-0.000110513438751148	-0.000283521976859504
	16.55	-0.0790786428	-0.0477235509	-0.0487358119	-0.0316740861	-0.0749773238	-0.000288710920126687	-0.000174235543304643	-0.000177931241591442	-0.000115640003650934	-0.000273737274395086
	16.6	-0.0741926682	-0.0467672186	-0.0474972757	-0.0316672632	-0.0690523321	-0.000269243243576716	-0.000169717007548265	-0.000172366365582813	-0.000114919666134417	-0.000250589098925824
	16.65	-0.0657236334	-0.0435425407	-0.0439596498	-0.0301186233	-0.0597007266	-0.000237079001163325	-0.000157067123700277	-0.000158571724156589	-0.000108644223683143	-0.000215353106620134
	16.7	-0.0541512469	-0.0382570612	-0.0383452329	-0.0271538756	-0.0473832752	-0.000194167043995841	-0.000137176166947542	-0.000137492319193947	-0.000097364106278461	-0.000169899513069669
	16.75	-0.0401010799	-0.0312152852	-0.0309739146	-0.0229640602	-0.0327116206	-0.000142931004321675	-0.000111259648741368	-0.000110399339184674	-0.0000818500697705502	-0.000116592989440855
	16.8	-0.0243109804	-0.0228015002	-0.0222452687	-0.0177940334	-0.0164173313	-0.0000861358432539683	-0.0000807876282596372	-0.0000788168533871882	-0.0000630457532596372	-0.0000581679822137188
	16.85	-0.0075924663	-0.0134590261	-0.0126170843	-0.011928671	0.0006853480	-0.0000267413336385809	-0.0000474038728878479	-0.0000444384798668651	-0.0000420138277170707	0.00000241385589377383
	16.9	0.0092108873	-0.0036670054	-0.0025814798	-0.005677550	0.0177411043	0.0000322498767550156	-0.0000128392052099016	-0.00000903847834459578	-0.0000198786807184622	0.000062116537586219
	16.95	0.0252659369	0.0060840583	0.0073601588	0.000641090	0.0338973354	0.0000879419319358516	0.0000211764892404347	0.0000256181509036643	0.00000223141114330714	0.000117984825749863
	17	0.0397911999	0.0153167711	0.0167221454	0.006716281	0.0483477898	0.000137685812802768	0.0000529992079584775	0.0000578620948096886	0.0000232397266435986	0.000167293390311419
	17.05	0.0520066990	0.0235487218	0.0250145779	0.012237331	0.0602461486	0.000178900074818758	0.0000810062582881124	0.0000860487195672552	0.0000420957198510505	0.000207243310945038
	17.1	0.0614044777	0.0304164331	0.0318738638	0.016959390	0.0690947209	0.000209994451968127	0.000104019811565952	0.0001090040142266	0.000057998666256284	0.000236293973872303
	17.15	0.0675790803	0.0356193521	0.0370008713	0.020681437	0.0744743285	0.000229765081896149	0.000121103798927318	0.000125800886705369	0.0000703157255905278	0.000253208538959107
	17.2	0.0702931671	0.0389466447	0.0401893381	0.023258850	0.0761432348	0.000237605351203353	0.000131647663263926	0.000135848222349919	0.0000786196930773391	0.000257379782314765
	17.25	0.0694857673	0.0402852167	0.0413336323	0.024608434	0.0740481026	0.000233516546271792	0.000135384051081706	0.000138907396933417	0.0000827000512497374	0.000248848906028145
	17.3	0.0652715821	0.0396226880	0.0404313307	0.024710239	0.0683251522	0.000218088082127702	0.000132388947174981	0.000135090817267533	0.0000825628621069865	0.000228290795549467
	17.35	0.0579315636	0.0370453074	0.0375806251	0.023606181	0.0592915501	0.000192449280701609	0.000123064911759088	0.000124843242946956	0.0000784199885390627	0.00019696717056034
	17.4	0.0478954221	0.0327310464	0.0329728204	0.021395674	0.0474275779	0.000158196003765359	0.000108108886246532	0.000108907452767869	0.0000706687607345752	0.00015665073952966
	17.45	0.0357171094	0.0269383446	0.0268804274	0.018228582	0.0333506144	0.00011729660478978	0.0000884667436227946	0.0000882765409150992	0.0000598634888055106	0.000109524928038358
	17.5	0.0220446474	0.0199911838	0.0196415589	0.014295948	0.0177823823	0.000071982522122449	0.0000652773348571429	0.0000641357025306123	0.0000466806465306122	0.0000580649217959184
	17.55	0.0075859302	0.0122613300	0.0116415018	0.009819045	0.0015112487	0.0000246294435921786	0.0000398091898604719	0.0000377967769742129	0.0000318797574695011	0.00000490661179698217
	17.6	-0.0069277097	0.0041487018	0.0032924560	0.0050373464	-0.0146484014	-0.0000223647653021694	0.0000133932780216942	0.0000106290547520661	0.0000162620945247934	-0.000047289518982438
	17.65	-0.0207783059	-0.0039391092	-0.0049875062	0.0001960557	-0.0298975761	-0.0000666992140214591	-0.0000126447020680689	-0.0000160100994310202	0.000000629346836905842	-0.0000959724453289891
	17.7	-0.0332965908	-0.0116071282	-0.0127951959	-0.0044661626	-0.0434927282	-0.000106280413674232	-0.0000370491499888282	-0.0000408413798716844	-0.0000142556819560152	-0.000138825778671518
	17.75	-0.0438941275	-0.0184920959	-0.0197617558	-0.0087286666	-0.0547824098	-0.000139318793890101	-0.0000586934208292006	-0.0000627232876016663	-0.0000277045557627455	-0.000173877912477683
	17.8	-0.0520907096	-0.0242794634	-0.0255698757	-0.0123989840	-0.0632387083	-0.000164406986491605	-0.0000766300448175735	-0.0000807028017295796	-0.0000391332660017674	-0.000199591933783613
	17.85	-0.0575357676	-0.0287174997	-0.0299679808	-0.0153211784	-0.0684819476	-0.000180576599581009	-0.0000901301687733917	-0.000094054816593304	-0.0000480856763097396	-0.000214931298323251
	17.9	-0.0600228485	-0.0316278954	-0.0327807769	-0.0173820875	-0.0702975123	-0.000187331383227739	-0.000098710700040573	-0.000102308844605349	-0.0000542495162448113	-0.000219398621453762
	17.95	-0.0594966014	-0.0329124360	-0.0339157302	-0.0185152068	-0.0686440828	-0.00018465592725072	-0.000102148294938742	-0.000105262157183759	-0.0000574645038446319	-0.000213046400322778