 # CdS_F-43m                                                        FEFF 9.6.4
 # POT  SCF 100  6.0000   0, NO core-hole, AFOLP (folp(0)= 1.150)
 # Abs   Z=48 Rmt= 1.488 Rnm= 1.613 K  shell
 # Pot 1 Z=48 Rmt= 1.488 Rnm= 1.613
 # Pot 2 Z=16 Rmt= 1.401 Rnm= 1.518
 # Gam_ch=8.978E+00 H-L exch Vi= 0.000E+00 Vr=-1.000E+00
 # Mu=-5.460E+00 kf=1.795E+00 Vint=-1.174E+01 Rs_int= 2.020
 # PATH  Rmax= 4.500,  Keep_limit= 0.00, Heap_limit 0.00  Pwcrit= 2.50%

 #Path    2      icalc       2
# -----------------------------------------------------------------------
  # 2  12.000   4.1016    2.9576   -4.46003 nleg, deg, reff, rnrmav(bohr), edge
 #       x         y         z   pot at#
  #   0.0000    0.0000    0.0000  0  48 Cd       absorbing atom
  #   0.0000   -2.9003   -2.9003  1  48 Cd    
 #   k   real[2*phc]   mag[feff]  phase[feff] red factor   lambda     real[p]@#
  0.000  1.0108E+01  1.7610E-04 -8.5700E+00  8.290E-01  2.4393E+00  1.4388E+00
  0.100  1.0109E+01  7.9003E-02 -9.3717E+00  8.311E-01  2.4443E+00  1.4419E+00
  0.200  1.0112E+01  1.5634E-01 -1.0141E+01  8.376E-01  2.4593E+00  1.4512E+00
  0.300  1.0117E+01  2.3056E-01 -1.0877E+01  8.482E-01  2.4841E+00  1.4666E+00
  0.400  1.0123E+01  3.0055E-01 -1.1577E+01  8.628E-01  2.5181E+00  1.4880E+00
  0.500  1.0129E+01  3.6561E-01 -1.2242E+01  8.812E-01  2.5608E+00  1.5152E+00
  0.600  1.0134E+01  4.2540E-01 -1.2869E+01  9.029E-01  2.6113E+00  1.5481E+00
  0.700  1.0138E+01  4.7983E-01 -1.3458E+01  9.275E-01  2.6686E+00  1.5864E+00
  0.800  1.0139E+01  5.2886E-01 -1.4008E+01  9.546E-01  2.7319E+00  1.6298E+00
  0.900  1.0136E+01  5.7246E-01 -1.4517E+01  9.834E-01  2.7999E+00  1.6782E+00
  1.000  1.0129E+01  6.1043E-01 -1.4987E+01  1.014E+00  2.8715E+00  1.7313E+00
  1.100  1.0116E+01  6.4248E-01 -1.5418E+01  1.044E+00  2.9455E+00  1.7888E+00
  1.200  1.0097E+01  6.6819E-01 -1.5808E+01  1.075E+00  3.0209E+00  1.8506E+00
  1.300  1.0071E+01  6.8712E-01 -1.6159E+01  1.105E+00  3.0967E+00  1.9165E+00
  1.400  1.0038E+01  6.9884E-01 -1.6471E+01  1.134E+00  3.1723E+00  1.9864E+00
  1.500  9.9966E+00  7.0300E-01 -1.6744E+01  1.162E+00  3.2473E+00  2.0601E+00
  1.600  9.9465E+00  6.9944E-01 -1.6977E+01  1.187E+00  3.3217E+00  2.1376E+00
  1.700  9.8872E+00  6.8816E-01 -1.7167E+01  1.210E+00  3.3961E+00  2.2190E+00
  1.800  9.8181E+00  6.6945E-01 -1.7312E+01  1.230E+00  3.4718E+00  2.3043E+00
  1.900  9.7387E+00  6.4402E-01 -1.7408E+01  1.246E+00  3.5508E+00  2.3937E+00
  2.000  9.6473E+00  6.1104E-01 -1.7438E+01  1.258E+00  3.6370E+00  2.4881E+00
  2.200  9.3828E+00  5.3789E-01 -1.7260E+01  1.389E+00  3.3951E+00  2.7077E+00
  2.400  9.2952E+00  5.3438E-01 -1.7411E+01  1.568E+00  3.0276E+00  2.8665E+00
  2.600  9.2532E+00  5.6095E-01 -1.7564E+01  1.629E+00  2.9212E+00  3.0055E+00
  2.800  9.1694E+00  6.4223E-01 -1.7585E+01  1.643E+00  2.8992E+00  3.1560E+00
  3.000  9.0660E+00  7.7952E-01 -1.7594E+01  1.618E+00  2.9279E+00  3.3124E+00
  3.200  8.9501E+00  9.2973E-01 -1.7612E+01  1.584E+00  2.9894E+00  3.4743E+00
  3.400  8.8247E+00  1.0586E+00 -1.7634E+01  1.531E+00  3.0742E+00  3.6411E+00
  3.600  8.6924E+00  1.1485E+00 -1.7650E+01  1.484E+00  3.1766E+00  3.8121E+00
  3.800  8.5578E+00  1.1897E+00 -1.7658E+01  1.434E+00  3.2932E+00  3.9869E+00
  4.000  8.4219E+00  1.1904E+00 -1.7658E+01  1.388E+00  3.4213E+00  4.1650E+00
  4.200  8.2853E+00  1.1604E+00 -1.7652E+01  1.348E+00  3.5591E+00  4.3459E+00
  4.400  8.1505E+00  1.1020E+00 -1.7643E+01  1.308E+00  3.7052E+00  4.5292E+00
  4.600  8.0151E+00  1.0281E+00 -1.7633E+01  1.274E+00  3.8586E+00  4.7146E+00
  4.800  7.8798E+00  9.4373E-01 -1.7620E+01  1.244E+00  4.0185E+00  4.9017E+00
  5.000  7.7450E+00  8.5313E-01 -1.7603E+01  1.218E+00  4.1840E+00  5.0905E+00
  5.200  7.6096E+00  7.6107E-01 -1.7572E+01  1.193E+00  4.3547E+00  5.2806E+00
  5.400  7.4744E+00  6.7406E-01 -1.7521E+01  1.172E+00  4.5302E+00  5.4718E+00
  5.600  7.3390E+00  5.9631E-01 -1.7441E+01  1.153E+00  4.7099E+00  5.6640E+00
  5.800  7.2042E+00  5.3190E-01 -1.7325E+01  1.134E+00  4.8935E+00  5.8571E+00
  6.000  7.0706E+00  4.8712E-01 -1.7177E+01  1.117E+00  5.0808E+00  6.0510E+00
  6.500  6.7459E+00  4.6162E-01 -1.6772E+01  1.081E+00  5.5635E+00  6.5384E+00
  7.000  6.4416E+00  5.0834E-01 -1.6497E+01  1.052E+00  6.0642E+00  7.0287E+00
  7.500  6.1575E+00  5.7003E-01 -1.6365E+01  1.029E+00  6.5807E+00  7.5213E+00
  8.000  5.8787E+00  6.3169E-01 -1.6324E+01  1.006E+00  7.1110E+00  8.0154E+00
  8.500  5.6071E+00  6.7854E-01 -1.6335E+01  9.882E-01  7.6538E+00  8.5108E+00
  9.000  5.3433E+00  7.0208E-01 -1.6376E+01  9.733E-01  8.2079E+00  9.0071E+00
  9.500  5.0920E+00  7.0675E-01 -1.6436E+01  9.612E-01  8.7722E+00  9.5042E+00
 10.000  4.8536E+00  7.0298E-01 -1.6507E+01  9.523E-01  9.3459E+00  1.0002E+01
 11.000  4.4047E+00  6.7422E-01 -1.6667E+01  9.413E-01  1.0519E+01  1.0998E+01
 12.000  3.9874E+00  6.2059E-01 -1.6846E+01  9.338E-01  1.1723E+01  1.1996E+01
 13.000  3.6048E+00  5.6601E-01 -1.7027E+01  9.300E-01  1.2953E+01  1.2994E+01
 14.000  3.2474E+00  5.0904E-01 -1.7217E+01  9.281E-01  1.4207E+01  1.3993E+01
 15.000  2.9151E+00  4.6118E-01 -1.7410E+01  9.272E-01  1.5483E+01  1.4992E+01
 16.000  2.6053E+00  4.1679E-01 -1.7622E+01  9.273E-01  1.6778E+01  1.5992E+01
 17.000  2.3149E+00  3.7411E-01 -1.7840E+01  9.272E-01  1.8090E+01  1.6991E+01
 18.000  2.0419E+00  3.3190E-01 -1.8057E+01  9.270E-01  1.9419E+01  1.7991E+01
 19.000  1.7836E+00  2.9502E-01 -1.8274E+01  9.264E-01  2.0763E+01  1.8991E+01
 20.000  1.5390E+00  2.6272E-01 -1.8498E+01  9.263E-01  2.2121E+01  1.9991E+01
